1.068135261535644531e+00 2.679086290299892426e-02 -6.276780366897583008e-02 -8.855349384248256683e-03 3.240437014028429985e-03 -3.859665011987090111e-03 -4.488433711230754852e-03 6.772114895284175873e-03 -2.524671144783496857e-02 -1.963532529771327972e-02 2.493109554052352905e-02 -1.152205001562833786e-02 -2.133960835635662079e-02 -6.546633318066596985e-03 2.048741094768047333e-02 -1.481425669044256210e-02 -2.161670662462711334e-02 -2.880830876529216766e-02 1.376025658100843430e-02 -1.833788864314556122e-02 -1.222091726958751678e-03 -2.855184487998485565e-02 -1.226885803043842316e-02 2.277687424793839455e-03 -3.143329545855522156e-02 3.652747720479965210e-03 -1.994441030547022820e-03 3.800715785473585129e-03 -2.175237284973263741e-03 -2.409815974533557892e-02 -1.451788935810327530e-02 -2.260095626115798950e-02 -3.668184205889701843e-02 5.285527557134628296e-03 -3.875760734081268311e-02 -2.787508629262447357e-02 1.822924613952636719e-02 -8.512825705111026764e-03 -3.753666207194328308e-02 -4.405127838253974915e-02 -4.286510869860649109e-03 -2.616730704903602600e-02 3.020954784005880356e-03 -2.350440248847007751e-02 3.728578984737396240e-02 2.359560318291187286e-02 -3.673294186592102051e-02 -7.736942730844020844e-03 -9.748275391757488251e-03 -1.621918939054012299e-02 -2.006158232688903809e-03 -1.164883282035589218e-02 -9.216866455972194672e-03 -2.183557301759719849e-02 -1.257612276822328568e-02 -1.487851422280073166e-02 -2.736758440732955933e-02 1.354278251528739929e-02 -1.720114424824714661e-02 -3.620603680610656738e-02 -4.936295561492443085e-03 7.803711108863353729e-03 -4.564603790640830994e-02 -3.673054650425910950e-02 6.862535607069730759e-03 -3.769980743527412415e-02 1.729943975806236267e-02 7.264817133545875549e-03 4.462805110961198807e-03 -6.852089893072843552e-03 -2.753229066729545593e-02 -4.960336256772279739e-03 1.698189042508602142e-02 -3.463019803166389465e-02 3.785408288240432739e-02 -2.377760969102382660e-02 -2.668729983270168304e-02 2.597614005208015442e-02 -1.126886811107397079e-02 9.093408472836017609e-03 -1.352403406053781509e-02 -1.659526489675045013e-02 -5.207668058574199677e-03 1.323491334915161133e-03 -2.700278162956237793e-02 3.815555572509765625e-02 -1.343502290546894073e-02 -9.892953559756278992e-03 1.423295587301254272e-02 1.502385642379522324e-02 -2.221706695854663849e-02 4.896420985460281372e-02 -3.771819546818733215e-02 -2.549994038417935371e-03 9.350535459816455841e-03 -2.831125259399414062e-02 -1.453123637475073338e-03 -7.621156517416238785e-03 -2.528472989797592163e-02 1.165688037872314453e-02 -3.439103439450263977e-02 -2.774795703589916229e-02 -1.192550919950008392e-02 -2.336601726710796356e-02 5.030846223235130310e-03 -2.468298561871051788e-02 1.995223201811313629e-02 -5.737869814038276672e-02 -2.144317608326673508e-03 -6.415835581719875336e-03 -7.929218932986259460e-03 -1.520801987498998642e-02 1.985959708690643311e-02 -3.008224070072174072e-02
2.679086290299892426e-02 1.109210371971130371e+00 -1.196373905986547470e-02 2.027955837547779083e-02 9.448019787669181824e-03 -1.497632544487714767e-02 -1.899328082799911499e-02 -2.867833944037556648e-03 -7.449365220963954926e-03 -3.398302942514419556e-03 4.908127710223197937e-03 -2.395743038505315781e-03 -4.990919493138790131e-03 2.323383931070566177e-03 -1.674848794937133789e-02 8.357146754860877991e-03 1.412927638739347458e-02 -2.715625427663326263e-02 4.385138396173715591e-03 -2.940680272877216339e-02 -9.923725156113505363e-04 -5.473030731081962585e-03 -4.490841552615165710e-02 -6.623012479394674301e-03 -1.632350310683250427e-02 1.749080233275890350e-02 7.642545388080179691e-04 -2.357453480362892151e-02 2.042599488049745560e-03 -1.274852082133293152e-02 -6.925205234438180923e-03 3.705315291881561279e-02 1.792654511518776417e-03 -1.129432953894138336e-02 -1.756964623928070068e-02 1.034044660627841949e-02 4.159523639827966690e-03 -3.863449394702911377e-02 -2.171958237886428833e-02 -5.689968820661306381e-04 -4.457381553947925568e-03 -2.904164139181375504e-03 -1.941612362861633301e-02 3.663104400038719177e-02 -1.754770055413246155e-02 1.830973662436008453e-03 -4.748843144625425339e-03 6.980742327868938446e-04 -5.760646425187587738e-03 -1.605671085417270660e-02 2.365114400163292885e-03 -1.868815906345844269e-02 -2.407342381775379181e-02 -5.125758796930313110e-02 -2.313975803554058075e-02 3.161834925413131714e-02 -2.142339013516902924e-02 2.930737286806106567e-02 1.015313435345888138e-02 -4.579892009496688843e-02 -1.225657574832439423e-02 -3.347185626626014709e-02 1.402968913316726685e-02 -3.346400707960128784e-02 -3.303734958171844482e-02 2.296644449234008789e-02 -2.338045835494995117e-02 -5.037914961576461792e-03 3.041719458997249603e-02 -2.355411089956760406e-02 -2.651111036539077759e-02 -5.037144571542739868e-02 -3.736107796430587769e-02 -1.333861052989959717e-02 7.906517130322754383e-04 3.794138785451650620e-03 -2.356396056711673737e-02 -4.916240926831960678e-03 1.006003841757774353e-02 -1.230684574693441391e-02 -3.196624666452407837e-02 1.980284228920936584e-02 3.609079401940107346e-03 -4.205850418657064438e-03 -1.171262469142675400e-03 -2.611765824258327484e-02 -9.093707427382469177e-03 -2.318303845822811127e-02 8.229260332882404327e-03 -4.244138300418853760e-02 -1.353461574763059616e-02 -4.517790302634239197e-02 -2.357102464884519577e-03 2.855169773101806641e-02 2.416391624137759209e-03 1.008631661534309387e-02 -3.560931235551834106e-02 -2.922765910625457764e-02 -5.053209140896797180e-02 -1.548514328896999359e-02 -2.625457197427749634e-02 -2.200596593320369720e-02 -1.066776551306247711e-02 -1.503030490130186081e-02 -3.646006807684898376e-02 -3.472694382071495056e-02 -2.526676654815673828e-02 -1.829924993216991425e-02 -1.665154588408768177e-03 -3.374990075826644897e-02 7.624004036188125610e-03 -3.332284465432167053e-02 -9.957835078239440918e-03 -6.944288965314626694e-03
-6.276780366897583008e-02 -1.196373905986547470e-02 1.031958937644958496e+00 2.093633450567722321e-02 -2.600175142288208008e-02 -2.552849799394607544e-02 5.482841748744249344e-03 -2.152102626860141754e-02 -3.268438950181007385e-02 -2.141659613698720932e-03 -2.193510066717863083e-03 2.303961897268891335e-03 -2.919597364962100983e-02 -7.272489834576845169e-03 1.743643172085285187e-02 -2.098988182842731476e-02 3.367558238096535206e-04 3.669248893857002258e-02 -3.344840183854103088e-02 -3.149785846471786499e-02 3.079358022660017014e-03 -2.854993566870689392e-02 3.535888390615582466e-03 -2.058753743767738342e-02 -1.105646253563463688e-03 -4.742821678519248962e-02 -5.856464267708361149e-04 -4.105546511709690094e-03 3.753830492496490479e-02 7.410649675875902176e-03 2.520001260563731194e-03 -1.699108816683292389e-02 8.450032328255474567e-04 -4.640294611454010010e-02 3.939213696867227554e-03 -2.802167832851409912e-02 -2.662829868495464325e-02 -4.690730012953281403e-03 -9.529706090688705444e-03 -2.773232758045196533e-02 2.204488217830657959e-02 2.400428801774978638e-02 5.710763856768608093e-03 3.955601248890161514e-03 -3.015113063156604767e-02 -3.244970459491014481e-03 3.577850526198744774e-03 3.781949169933795929e-03 1.473961025476455688e-02 -2.167912200093269348e-02 -2.154034748673439026e-02 -3.902162611484527588e-02 1.699131913483142853e-02 1.729214191436767578e-02 -1.864373311400413513e-02 -5.235184449702501297e-03 -5.710565298795700073e-02 -2.963101863861083984e-02 -6.200672592967748642e-03 -2.318060069228522480e-05 -2.288519218564033508e-02 1.974056009203195572e-03 7.419320754706859589e-03 -1.024038717150688171e-02 -1.250971667468547821e-02 4.020631313323974609e-03 -2.584099583327770233e-02 -1.918663270771503448e-02 -3.761779889464378357e-02 -3.859998285770416260e-02 1.976153999567031860e-02 6.007761694490909576e-03 -8.807837963104248047e-03 -4.594940692186355591e-02 5.404806695878505707e-03 -2.057813294231891632e-02 1.318580470979213715e-02 2.498207380995154381e-03 -2.602737583220005035e-02 -2.552225999534130096e-02 -2.391360932961106300e-03 -7.954862900078296661e-03 -2.201771922409534454e-02 2.016294980421662331e-03 -2.571722492575645447e-02 -1.073021907359361649e-02 1.890962570905685425e-02 4.634557757526636124e-03 -1.046494487673044205e-02 -4.714188352227210999e-02 5.627610953524708748e-04 1.676470041275024414e-02 -2.088146470487117767e-02 -2.234260551631450653e-03 -4.128310084342956543e-02 1.975654065608978271e-02 -6.693463656120002270e-04 -3.901808336377143860e-02 1.031565852463245392e-02 1.713637821376323700e-02 -4.802840703632682562e-04 2.904609777033329010e-02 -1.086827833205461502e-02 2.023302484303712845e-03 4.437611903995275497e-03 -2.748202998191118240e-03 -3.128733485937118530e-02 -2.344178594648838043e-02 -4.399361088871955872e-02 2.410628832876682281e-02 -3.161903470754623413e-02 -7.874014787375926971e-03 1.159732881933450699e-02 1.814126782119274139e-02
-8.855349384248256683e-03 2.027955837547779083e-02 2.093633450567722321e-02 9.872018694877624512e-01 -8.086952380836009979e-03 2.343115769326686859e-02 2.625908004119992256e-03 -1.544467755593359470e-03 2.723834244534373283e-03 -2.716939896345138550e-02 -3.284868551418185234e-03 1.461015921086072922e-02 2.761784382164478302e-02 -7.993176113814115524e-04 7.245392072945833206e-03 -1.348739024251699448e-03 -1.635851711034774780e-02 -4.100575577467679977e-03 2.844123169779777527e-03 -1.713425479829311371e-02 -2.494091540575027466e-02 -1.681310683488845825e-02 -1.635962910950183868e-02 -2.101859264075756073e-02 -2.261070348322391510e-02 5.409939214587211609e-03 1.447249762713909149e-02 3.021905571222305298e-02 3.093989938497543335e-02 -2.662941440939903259e-02 1.031476072967052460e-02 -2.488020993769168854e-02 -2.765755727887153625e-02 3.142740949988365173e-02 -2.098113484680652618e-02 4.785203374922275543e-03 4.295216407626867294e-03 3.579786978662014008e-03 -3.115714760497212410e-03 1.503781881183385849e-02 -5.780701525509357452e-03 -3.586898371577262878e-02 -4.324671998620033264e-02 -4.603649675846099854e-02 -7.830240763723850250e-03 1.524017192423343658e-02 3.787417337298393250e-02 7.259094156324863434e-03 4.682350531220436096e-02 -2.320123836398124695e-02 -1.894246973097324371e-02 -3.403388708829879761e-02 -9.982191957533359528e-03 4.009773489087820053e-03 -6.340719014406204224e-02 -5.805432330816984177e-03 -2.779637463390827179e-02 -5.424027517437934875e-02 -7.969609461724758148e-03 1.503411028534173965e-02 7.673928514122962952e-03 -1.692484878003597260e-02 -2.944098599255084991e-02 -2.487847022712230682e-02 1.303416490554809570e-02 2.004984952509403229e-02 -1.243749575223773718e-04 -1.093912310898303986e-02 -6.548619829118251801e-03 -5.086489953100681305e-03 -1.392416190356016159e-02 8.625669404864311218e-03 -4.281803034245967865e-03 -1.761829666793346405e-02 -5.175625160336494446e-02 -2.280187793076038361e-02 -6.357560399919748306e-03 -1.687675900757312775e-02 2.569148549810051918e-03 -3.096785396337509155e-02 -1.525037735700607300e-02 1.356549654155969620e-02 3.492547431960701942e-03 -1.596763613633811474e-03 -2.227893844246864319e-02 -9.868834167718887329e-03 -1.027143932878971100e-02 2.484863996505737305e-02 1.632797066122293472e-04 -2.252777852118015289e-02 -1.140291802585124969e-02 -1.378036383539438248e-02 -2.392232976853847504e-02 5.945246666669845581e-03 -6.298302323557436466e-04 1.184410788118839264e-02 7.445243187248706818e-03 9.603571146726608276e-03 -1.172579359263181686e-02 -1.091133523732423782e-02 -1.715736836194992065e-02 -6.108300760388374329e-03 -9.202992543578147888e-03 -6.990413181483745575e-03 -4.165796563029289246e-02 -3.923291712999343872e-02 5.584577564150094986e-03 1.287366729229688644e-02 -1.525986101478338242e-02 1.502739638090133667e-02 -3.937912359833717346e-02 -3.797715157270431519e-02 -2.492227032780647278e-02 -2.201489731669425964e-02
3.240437014028429985e-03 9.448019787669181824e-03 -2.600175142288208008e-02 -8.086952380836009979e-03 1.069626927375793457e+00 -9.645613841712474823e-03 -2.661876939237117767e-02 -9.038046118803322315e-04 -1.301510818302631378e-02 1.172983180731534958e-02 -2.539202384650707245e-02 -2.016266994178295135e-02 2.057502977550029755e-02 -1.925843581557273865e-02 -7.727935910224914551e-03 3.399634733796119690e-03 -4.113610833883285522e-02 -1.289761275984346867e-03 3.576907620299607515e-04 2.132388949394226074e-02 -1.083498168736696243e-02 -2.057840488851070404e-02 1.820397935807704926e-02 -2.964492328464984894e-02 8.687849156558513641e-03 1.453887950628995895e-02 -1.982490532100200653e-02 -1.337905600666999817e-02 -1.970015652477741241e-02 1.646969467401504517e-02 -2.077306248247623444e-02 -1.974671334028244019e-02 -6.261994130909442902e-04 -3.662686049938201904e-02 -1.315993815660476685e-02 -5.486233625560998917e-03 9.562760591506958008e-03 -2.653184905648231506e-02 -4.183147847652435303e-02 -2.840944379568099976e-02 -2.692648209631443024e-03 -2.154918946325778961e-02 -1.210509333759546280e-02 -1.091209985315799713e-02 -6.748336600139737129e-04 -1.882473705336451530e-03 -1.314575131982564926e-02 -2.754050120711326599e-02 6.003586575388908386e-03 -3.900380432605743408e-02 -2.996217831969261169e-02 -3.264570236206054688e-02 7.220391998998820782e-04 -1.827621459960937500e-02 9.256390854716300964e-03 -5.006371065974235535e-02 -2.950637601315975189e-02 -9.026789106428623199e-03 1.862192712724208832e-02 3.894279943779110909e-03 1.962169073522090912e-02 -4.174886271357536316e-02 -8.462398312985897064e-03 -1.366692036390304565e-02 -1.737285032868385315e-02 -5.138694774359464645e-03 2.801299281418323517e-02 9.866081178188323975e-03 9.837605990469455719e-03 1.516126561909914017e-02 5.825805012136697769e-03 -3.545787185430526733e-02 -1.687799021601676941e-02 -1.174409844679757953e-04 -1.342381071299314499e-02 3.699516505002975464e-02 1.965944468975067139e-02 -1.148315705358982086e-02 -4.033740237355232239e-02 -4.859049804508686066e-03 -1.870632171630859375e-02 -4.012792930006980896e-02 -7.371404673904180527e-03 1.138463965617120266e-03 -1.429408602416515350e-02 1.259171683341264725e-02 -9.175356477499008179e-03 -3.675189986824989319e-02 -3.325711190700531006e-02 -1.464405190199613571e-02 -5.367384292185306549e-03 -3.849203884601593018e-02 1.554790360387414694e-04 2.461595833301544189e-02 5.277768243104219437e-03 -4.162749741226434708e-03 -1.661596447229385376e-02 -9.096739813685417175e-03 -3.486951813101768494e-02 2.441423572599887848e-02 2.308063209056854248e-02 1.326679345220327377e-02 -2.056068368256092072e-02 -9.747904841788113117e-04 4.639574792236089706e-03 -7.204519119113683701e-03 -1.123429834842681885e-02 -2.498866803944110870e-02 -2.261246368288993835e-02 -2.093037590384483337e-02 -1.728175394237041473e-02 -1.808634400367736816e-02 2.823076955974102020e-02 -3.078678064048290253e-02
-3.859665011987090111e-03 -1.497632544487714767e-02 -2.552849799394607544e-02 2.343115769326686859e-02 -9.645613841712474823e-03 1.049814462661743164e+00 4.584266338497400284e-03 -6.394545082002878189e-03 9.059203788638114929e-03 -1.510409824550151825e-02 -1.786697655916213989e-02 -1.830273494124412537e-02 -2.336893789470195770e-02 -2.683305181562900543e-02 -1.790049299597740173e-02 -2.597429044544696808e-02 -1.957378350198268890e-02 4.457176476716995239e-02 1.427260506898164749e-02 1.071643177419900894e-02 1.288867369294166565e-02 7.458802312612533569e-03 1.768294349312782288e-02 -2.241139113903045654e-02 -1.289335638284683228e-02 -8.956080302596092224e-03 -2.094002626836299896e-02 -2.453765366226434708e-03 -2.814137190580368042e-02 -3.768253326416015625e-02 -1.530079450458288193e-02 -2.647933736443519592e-02 -8.497750968672335148e-04 -1.858727633953094482e-02 -1.117769815027713776e-02 -3.155749663710594177e-02 2.177264308556914330e-03 1.491058152168989182e-03 1.747434400022029877e-02 -6.131196394562721252e-03 5.065734148956835270e-04 -1.440923940390348434e-02 -2.539885044097900391e-02 -1.840009726583957672e-02 -2.955317497253417969e-02 -1.198951061815023422e-02 -8.018203079700469971e-03 -2.120934892445802689e-03 6.570656783878803253e-03 -5.143114179372787476e-02 -1.787452958524227142e-02 -2.495313063263893127e-02 -2.295407094061374664e-02 -3.534946218132972717e-02 -1.018328871577978134e-02 -6.936163641512393951e-03 1.808955147862434387e-02 -3.672217950224876404e-02 -3.509164974093437195e-02 3.649271558970212936e-03 -3.980556875467300415e-02 3.922338038682937622e-02 -9.768633171916007996e-03 2.311487495899200439e-02 2.244416065514087677e-02 -2.424076944589614868e-02 -9.112547151744365692e-03 -4.356298968195915222e-02 2.443209663033485413e-02 -7.303626276552677155e-03 1.301732473075389862e-02 -2.956593781709671021e-02 -1.509009767323732376e-02 -6.580829620361328125e-02 1.597107946872711182e-02 -2.533427253365516663e-02 -1.762964949011802673e-02 2.252114936709403992e-02 -2.413515746593475342e-02 -3.291779011487960815e-02 -2.500727958977222443e-02 1.371120940893888474e-02 -2.169817127287387848e-02 -3.897260176017880440e-03 -1.116932090371847153e-02 -2.724966779351234436e-02 1.444413140416145325e-02 -4.394670759211294353e-05 -1.831212081015110016e-02 1.438149530440568924e-02 1.006908062845468521e-02 2.081103064119815826e-02 1.081580203026533127e-02 8.705421350896358490e-03 -2.874900028109550476e-02 -2.002078294754028320e-02 1.381863374263048172e-02 -1.504268310964107513e-02 -2.157565206289291382e-02 -1.222501881420612335e-02 2.517840452492237091e-02 -4.002328217029571533e-02 -3.950862679630517960e-03 1.535977423191070557e-02 -2.094930969178676605e-02 6.441203411668539047e-03 1.603548042476177216e-02 -1.711367070674896240e-02 2.194811776280403137e-02 -9.986673831008374691e-05 -1.126922480762004852e-02 -2.366125956177711487e-02 -2.757983654737472534e-02 4.732293076813220978e-03
-4.488433711230754852e-03 -1.899328082799911499e-02 5.482841748744249344e-03 2.625908004119992256e-03 -2.661876939237117767e-02 4.584266338497400284e-03 1.061829805374145508e+00 1.398968137800693512e-02 3.783993190154433250e-03 2.059401571750640869e-02 -2.236260473728179932e-02 3.638074966147542000e-03 -1.478068064898252487e-02 1.355893351137638092e-02 -1.370190549641847610e-02 -1.464161183685064316e-02 -2.767946757376194000e-02 4.189053922891616821e-02 -2.513712458312511444e-02 -3.466960415244102478e-02 -3.129529207944869995e-02 1.384011004120111465e-02 -3.061321936547756195e-02 -2.999402396380901337e-02 -2.322845160961151123e-02 -1.041158847510814667e-02 -5.912902299314737320e-03 -2.284922637045383453e-02 -1.451822835952043533e-02 -1.108758151531219482e-02 -7.533001247793436050e-03 -2.201588824391365051e-02 -1.074594445526599884e-02 -2.046892605721950531e-02 -3.909939434379339218e-03 -2.517082542181015015e-02 -7.537856698036193848e-03 1.316593866795301437e-02 2.021159976720809937e-03 -1.496180985122919083e-02 2.667923085391521454e-02 -4.473241046071052551e-02 1.547037251293659210e-02 4.021752160042524338e-03 -3.026976436376571655e-02 3.349897637963294983e-02 -2.223105169832706451e-02 2.895002439618110657e-02 -1.203208137303590775e-02 2.332122437655925751e-02 8.055499056354165077e-04 -2.507198043167591095e-02 9.011257439851760864e-03 3.644694387912750244e-02 1.022227015346288681e-02 6.004176102578639984e-04 3.699335083365440369e-02 -5.234887450933456421e-02 -1.745405979454517365e-02 -2.010586671531200409e-02 -1.765130273997783661e-02 -8.096096105873584747e-03 7.944227196276187897e-03 -3.324676677584648132e-02 -4.181523248553276062e-02 -2.074722386896610260e-02 -2.881156653165817261e-02 -6.907683610916137695e-02 -2.802068740129470825e-02 -2.910752035677433014e-02 5.932457279413938522e-03 3.807779401540756226e-02 -5.264820996671915054e-03 -3.996277227997779846e-02 -2.859196625649929047e-02 -5.146236717700958252e-02 2.706004865467548370e-02 -1.304897107183933258e-02 1.180511154234409332e-02 7.687568198889493942e-03 -7.962482050061225891e-03 -1.182086393237113953e-02 1.262469962239265442e-02 -4.172568023204803467e-02 -2.977597154676914215e-02 -1.689614355564117432e-02 -1.598316431045532227e-02 -4.261973500251770020e-02 3.541623428463935852e-02 -3.699412103742361069e-03 -1.000598259270191193e-02 3.775904886424541473e-03 -1.591947115957736969e-02 -1.478540152311325073e-02 -4.734380170702934265e-03 -2.962039969861507416e-02 -1.896541193127632141e-02 -2.916730474680662155e-03 -5.000445619225502014e-02 -1.071393373422324657e-03 -2.312569506466388702e-02 -5.171054974198341370e-02 -1.700216159224510193e-02 -2.380868420004844666e-03 1.066639888449572027e-04 5.203972104936838150e-03 -2.870346605777740479e-02 -1.561349839903414249e-03 2.499416703358292580e-03 -5.092316307127475739e-03 1.160364039242267609e-02 2.169537357985973358e-02 -9.435851126909255981e-03 -2.666539745405316353e-03
6.772114895284175873e-03 -2.867833944037556648e-03 -2.152102626860141754e-02 -1.544467755593359470e-03 -9.038046118803322315e-04 -6.394545082002878189e-03 1.398968137800693512e-02 1.073505640029907227e+00 -5.467993207275867462e-03 -4.588181152939796448e-03 -5.152957513928413391e-03 -3.739620000123977661e-02 -2.767409756779670715e-02 -9.698425419628620148e-03 -1.702549681067466736e-02 -1.020220480859279633e-02 -2.122001023963093758e-03 8.228566497564315796e-03 -1.225866563618183136e-02 -2.467478252947330475e-02 -3.757987171411514282e-02 4.226343240588903427e-03 -3.948904201388359070e-02 -1.677162945270538330e-02 3.860187018290162086e-03 -2.277195926581043750e-05 -3.860131371766328812e-03 -2.653889730572700500e-02 -1.299425121396780014e-02 5.768569651991128922e-03 8.246159180998802185e-03 -1.740871369838714600e-02 -1.823229715228080750e-02 -6.003529205918312073e-02 -2.556255087256431580e-02 -2.016940154135227203e-02 -1.281473133713006973e-02 -1.539394352585077286e-02 9.938927367329597473e-03 9.947157464921474457e-03 -1.543957833200693130e-02 -5.882936064153909683e-03 -3.357226029038429260e-02 -1.428166870027780533e-03 5.248760338872671127e-03 -2.865180931985378265e-02 4.476616531610488892e-02 -6.443997379392385483e-03 1.197079196572303772e-02 -9.473672136664390564e-03 -1.004659198224544525e-02 1.184297725558280945e-02 -2.174702472984790802e-02 -4.330228269100189209e-02 1.157347019761800766e-02 1.216788124293088913e-02 -7.401595357805490494e-03 -1.416545081883668900e-02 -1.858167536556720734e-02 -1.530793495476245880e-02 1.497688144445419312e-02 -1.548856310546398163e-02 -7.088289130479097366e-03 -1.594279892742633820e-02 -3.693730756640434265e-02 -3.402233496308326721e-02 -2.840727195143699646e-02 -3.744627535343170166e-02 -3.451756760478019714e-02 3.377015935257077217e-03 -6.409989669919013977e-03 -4.782075062394142151e-02 2.406699024140834808e-02 1.787390559911727905e-02 2.209091186523437500e-02 -8.915429003536701202e-03 7.775178644806146622e-03 -3.127533197402954102e-02 -1.916953921318054199e-02 -1.120344828814268112e-02 -4.630243056453764439e-04 -4.535575956106185913e-02 6.377165671437978745e-03 -2.105135470628738403e-02 -2.108770888298749924e-03 -7.496729027479887009e-03 -4.985478147864341736e-02 -3.093471191823482513e-02 6.177712604403495789e-02 -1.128175295889377594e-02 -2.549777366220951080e-02 2.360741049051284790e-02 -1.405300758779048920e-02 3.963151201605796814e-02 2.061703009530901909e-03 -2.264478988945484161e-02 -5.188973248004913330e-02 -9.019927121698856354e-03 2.544624917209148407e-02 1.601568236947059631e-02 -1.597254723310470581e-02 -4.839169792830944061e-03 2.989845233969390392e-04 -4.548103734850883484e-02 1.689646951854228973e-02 -2.564653754234313965e-02 4.793209955096244812e-02 -2.601041644811630249e-02 -2.353347837924957275e-02 1.873622834682464600e-02 -1.217890903353691101e-02 1.369725726544857025e-02 8.369737304747104645e-03 -4.979349207133054733e-03
-2.524671144783496857e-02 -7.449365220963954926e-03 -3.268438950181007385e-02 2.723834244534373283e-03 -1.301510818302631378e-02 9.059203788638114929e-03 3.783993190154433250e-03 -5.467993207275867462e-03 1.020369052886962891e+00 -1.679913885891437531e-02 -1.796172745525836945e-02 -1.009496115148067474e-02 -2.553842728957533836e-03 3.855542838573455811e-02 -8.749860338866710663e-03 1.034949556924402714e-03 3.939482197165489197e-02 -2.776191383600234985e-02 9.822890860959887505e-04 -7.207679562270641327e-03 -2.037335885688662529e-03 -5.344941746443510056e-03 1.060587167739868164e-02 -8.383436128497123718e-03 9.645849466323852539e-03 -2.597523271106183529e-04 2.169651351869106293e-02 -4.190861806273460388e-02 -1.376450899988412857e-02 -1.225831336341798306e-03 -1.691715605556964874e-02 -2.558702137321233749e-03 -8.132123388350009918e-03 -6.143205333501100540e-03 3.783382475376129150e-03 1.393165206536650658e-03 -1.717655546963214874e-02 -2.457586489617824554e-02 1.049367617815732956e-02 1.602594740688800812e-03 -1.407826039940118790e-02 -2.919857762753963470e-02 -1.593423262238502502e-02 -2.783314511179924011e-02 -1.380042638629674911e-02 -1.098618935793638229e-02 5.133833736181259155e-03 -1.695293001830577850e-02 1.724582538008689880e-02 -6.601426284760236740e-03 -2.999217994511127472e-02 1.751199364662170410e-02 1.200232189148664474e-02 -3.621528623625636101e-03 -1.243663672357797623e-02 2.881029993295669556e-02 1.488470565527677536e-02 -1.291391998529434204e-02 -3.391501680016517639e-02 5.178615916520357132e-03 -2.592577040195465088e-02 -1.745805516839027405e-02 1.359825115650892258e-02 4.206490702927112579e-03 -3.572776680812239647e-03 1.240654103457927704e-02 1.536622270941734314e-02 -3.396008163690567017e-02 2.058201283216476440e-02 -3.133465722203254700e-02 4.019198007881641388e-03 -2.647077292203903198e-02 -5.147907510399818420e-02 -2.610458992421627045e-02 -9.704877622425556183e-03 -3.608564659953117371e-02 1.871313550509512424e-03 4.457240458577871323e-03 -1.002573128789663315e-02 -4.160246346145868301e-03 -1.453996822237968445e-02 -5.742372479289770126e-03 -1.163588487543165684e-03 -1.085294410586357117e-02 7.398649584501981735e-03 -3.300060331821441650e-02 4.822087939828634262e-03 -8.725176565349102020e-03 -2.642736025154590607e-02 2.064967527985572815e-02 -1.301548629999160767e-02 -6.536674499511718750e-02 4.136841278523206711e-03 -2.620657533407211304e-02 -2.779014874249696732e-03 -3.466496989130973816e-02 -1.274143531918525696e-02 -7.428002078086137772e-03 2.312206663191318512e-02 -6.236349418759346008e-02 -8.812340907752513885e-03 -2.645838074386119843e-03 -4.027780517935752869e-02 -2.723913639783859253e-02 -1.133636571466922760e-02 -2.327967807650566101e-02 -2.823438122868537903e-02 -2.462848834693431854e-02 -8.834722451865673065e-03 7.510602474212646484e-03 -2.976531395688652992e-03 -6.135102361440658569e-03 -2.497171051800251007e-02 -2.885295264422893524e-02
-1.963532529771327972e-02 -3.398302942514419556e-03 -2.141659613698720932e-03 -2.716939896345138550e-02 1.172983180731534958e-02 -1.510409824550151825e-02 2.059401571750640869e-02 -4.588181152939796448e-03 -1.679913885891437531e-02 1.041595220565795898e+00 -3.495865501463413239e-03 -1.064835023134946823e-02 -1.752192527055740356e-02 -9.709847159683704376e-03 -4.720498342067003250e-03 -1.238895952701568604e-02 -2.874308824539184570e-02 -1.321673300117254257e-02 -8.957211859524250031e-03 1.070669852197170258e-02 2.361994702368974686e-03 -2.776400558650493622e-02 -3.083622548729181290e-03 1.832362636923789978e-02 2.100268378853797913e-02 -3.198374807834625244e-02 -4.173967521637678146e-03 -3.125903382897377014e-02 -1.096968352794647217e-02 -8.759308839216828346e-04 1.899593695998191833e-02 -2.850051037967205048e-02 1.157724112272262573e-02 -1.097818091511726379e-02 -6.900240201503038406e-03 -8.057172410190105438e-03 -2.902739495038986206e-02 7.622675620950758457e-04 3.533066436648368835e-02 4.430242255330085754e-02 -1.863558776676654816e-02 2.550153993070125580e-02 2.460663393139839172e-02 -1.703215762972831726e-02 -5.016918294131755829e-03 2.463470585644245148e-02 -5.198578536510467529e-02 2.489303052425384521e-02 -2.683901693671941757e-03 -6.588521879166364670e-03 6.073468364775180817e-03 -1.068425178527832031e-02 -1.311595458537340164e-02 -2.339772321283817291e-02 -6.354284007102251053e-03 1.305387355387210846e-02 -2.834906615316867828e-02 -2.940233564004302025e-03 3.285801038146018982e-02 -1.788861118257045746e-02 -4.686270281672477722e-02 -1.284180581569671631e-02 4.708009772002696991e-03 -3.462354466319084167e-02 -3.250764310359954834e-02 -2.612242661416530609e-02 -2.684006281197071075e-02 2.185600996017456055e-02 -4.238079115748405457e-02 -4.033798724412918091e-02 -7.422512397170066833e-03 -2.432053908705711365e-02 -2.813801541924476624e-02 -3.278121724724769592e-02 -3.279284015297889709e-02 2.895386703312397003e-02 8.403027430176734924e-03 -9.137044660747051239e-03 -1.277030259370803833e-02 -2.691243030130863190e-02 -2.417694311589002609e-03 5.044328048825263977e-03 -2.091320976614952087e-02 -1.677184551954269409e-02 2.628171816468238831e-02 -3.198065236210823059e-02 -6.548756209667772055e-05 3.547355299815535545e-03 -1.764669455587863922e-02 -1.587495557032525539e-03 -1.324518118053674698e-02 -1.341650169342756271e-02 -8.692086674273014069e-03 1.780740544199943542e-02 3.048105165362358093e-03 -9.356107562780380249e-03 -5.610870197415351868e-03 -4.870817065238952637e-03 -1.604474335908889771e-02 -2.229397371411323547e-02 -6.751746870577335358e-03 6.529564969241619110e-03 2.641546912491321564e-02 -2.579083666205406189e-02 -9.774240665137767792e-03 -3.706206753849983215e-02 8.440050296485424042e-03 -1.303990371525287628e-02 -1.123077888041734695e-02 -1.605065353214740753e-02 -8.212020620703697205e-03 2.056892402470111847e-02 -4.030418023467063904e-02 -1.867805421352386475e-02
2.493109554052352905e-02 4.908127710223197937e-03 -2.193510066717863083e-03 -3.284868551418185234e-03 -2.539202384650707245e-02 -1.786697655916213989e-02 -2.236260473728179932e-02 -5.152957513928413391e-03 -1.796172745525836945e-02 -3.495865501463413239e-03 1.068880558013916016e+00 8.688674308359622955e-03 1.132661569863557816e-02 -2.754867449402809143e-02 -1.348680909723043442e-02 -2.265619859099388123e-02 3.179045766592025757e-02 -1.414869539439678192e-02 -1.004683040082454681e-02 -3.460597619414329529e-02 8.758385665714740753e-03 -6.205826997756958008e-03 -3.683189675211906433e-02 -6.233705673366785049e-03 -2.476172521710395813e-02 -2.963983267545700073e-02 2.086296118795871735e-02 -3.952923789620399475e-02 -7.985167205333709717e-03 -1.170867681503295898e-02 6.067756563425064087e-02 -2.715313434600830078e-02 5.428009666502475739e-03 2.628567814826965332e-02 2.227281033992767334e-02 6.627282593399286270e-03 -3.753854706883430481e-02 -2.974153682589530945e-02 -3.278358606621623039e-03 -7.173310732468962669e-04 -1.837320812046527863e-02 -1.037793233990669250e-03 -1.648414880037307739e-02 -2.973035210743546486e-03 -5.176544189453125000e-02 2.124422043561935425e-02 -7.798280566930770874e-04 -7.051554042845964432e-03 1.652854867279529572e-02 -7.304420229047536850e-03 -3.440245985984802246e-02 1.161060854792594910e-02 1.091927569359540939e-02 -1.211330480873584747e-02 -3.936973959207534790e-02 4.101259168237447739e-03 -4.757956042885780334e-02 -4.838373977690935135e-03 7.925434038043022156e-04 1.361321425065398216e-03 -2.099520340561866760e-02 9.137484245002269745e-03 -1.250843890011310577e-02 -1.975057832896709442e-02 3.404794260859489441e-03 -5.760271847248077393e-02 -4.693485423922538757e-02 2.272238768637180328e-02 -2.963188476860523224e-02 -1.608798280358314514e-03 3.092867136001586914e-02 2.326796390116214752e-02 8.704515057615935802e-04 3.218658675905317068e-04 1.870955107733607292e-03 -2.973784226924180984e-03 -4.778646398335695267e-03 -5.656008049845695496e-02 -1.244656089693307877e-02 -6.947971880435943604e-03 -1.629807054996490479e-02 -3.515936806797981262e-02 -3.647277876734733582e-02 -2.235131151974201202e-02 -5.550418421626091003e-02 1.407658029347658157e-02 -1.065694727003574371e-02 -2.756366692483425140e-02 1.146218180656433105e-02 -5.521351471543312073e-02 6.257809232920408249e-03 -1.082327961921691895e-02 3.212137892842292786e-02 -3.513182746246457100e-03 -3.277390450239181519e-02 -8.832555264234542847e-03 -4.850653000175952911e-03 -3.961842041462659836e-03 1.846761815249919891e-02 1.309831812977790833e-02 1.086183823645114899e-02 1.054726447910070419e-02 -4.021709784865379333e-02 -2.624053135514259338e-02 -1.727651921100914478e-03 9.230276569724082947e-03 4.531658254563808441e-03 -4.307218268513679504e-02 -1.712600141763687134e-02 -1.196060795336961746e-02 -4.641729965806007385e-02 -2.243482694029808044e-02 -2.129508368670940399e-02 -2.910979837179183960e-02
-1.152205001562833786e-02 -2.395743038505315781e-03 2.303961897268891335e-03 1.461015921086072922e-02 -2.016266994178295135e-02 -1.830273494124412537e-02 3.638074966147542000e-03 -3.739620000123977661e-02 -1.009496115148067474e-02 -1.064835023134946823e-02 8.688674308359622955e-03 9.985933303833007812e-01 1.382354414090514183e-03 1.795499585568904877e-02 -3.461513668298721313e-02 -7.517967373132705688e-03 2.761756256222724915e-02 -3.894777595996856689e-02 1.619520015083253384e-03 -1.389389485120773315e-02 -1.071165315806865692e-02 -9.132911451160907745e-03 2.997156465426087379e-03 7.665153243578970432e-04 -5.259360652416944504e-03 3.250768641009926796e-03 1.385103631764650345e-02 -2.278219163417816162e-02 9.642657823860645294e-03 -1.676099933683872223e-02 2.509318478405475616e-02 -1.344757806509733200e-02 -2.681279554963111877e-02 -3.604645654559135437e-02 -1.325286552309989929e-02 -1.020736247301101685e-02 -5.881096702069044113e-03 1.042840164154767990e-02 -2.303817495703697205e-02 -1.431554183363914490e-02 1.122351828962564468e-02 -1.648011058568954468e-02 -1.659676432609558105e-02 2.700198255479335785e-02 2.398544736206531525e-02 7.552176248282194138e-03 2.604728192090988159e-02 -2.150946855545043945e-02 -6.279604509472846985e-03 4.220669623464345932e-03 -1.528509240597486496e-02 -2.547091618180274963e-02 1.659804210066795349e-02 -1.880108192563056946e-02 -1.540500577539205551e-02 -4.232250154018402100e-02 -1.321740169078111649e-02 -1.317784935235977173e-02 -6.561198737472295761e-03 -3.737243264913558960e-02 2.068287692964076996e-02 -2.101861126720905304e-02 -3.166535124182701111e-02 -1.576964184641838074e-02 6.396750686690211296e-04 -1.055326126515865326e-02 -6.617182400077581406e-03 -2.098056301474571228e-02 -3.042643703520298004e-02 1.795118150766938925e-04 -7.036538328975439072e-03 -1.054255384951829910e-02 -3.898266702890396118e-03 -1.565261743962764740e-02 -2.073764055967330933e-02 -2.467433735728263855e-02 -2.388603426516056061e-02 -2.994938753545284271e-02 -2.782757207751274109e-02 4.601609893143177032e-03 2.954112598672509193e-03 -3.895070776343345642e-02 8.661324158310890198e-03 2.594351582229137421e-02 -6.594413425773382187e-03 1.635786332190036774e-02 -3.538422659039497375e-02 -2.724710106849670410e-02 5.705142393708229065e-03 1.749215088784694672e-02 -1.472822856158018112e-02 -2.727260254323482513e-02 6.467705592513084412e-03 1.193923293612897396e-03 -4.066869243979454041e-02 -5.913404747843742371e-03 -1.575255591887980700e-04 -9.566331282258033752e-03 -3.841160098090767860e-03 -3.826443804427981377e-03 2.113179489970207214e-02 2.412327565252780914e-02 -8.808135055005550385e-03 -5.428060423582792282e-03 2.223066985607147217e-02 -9.618636220693588257e-03 7.694108877331018448e-03 -1.195565890520811081e-02 1.221572514623403549e-03 -3.271801397204399109e-02 -1.118787750601768494e-02 -2.160773985087871552e-02 7.328843232244253159e-03 1.405561994761228561e-02
-2.133960835635662079e-02 -4.990919493138790131e-03 -2.919597364962100983e-02 2.761784382164478302e-02 2.057502977550029755e-02 -2.336893789470195770e-02 -1.478068064898252487e-02 -2.767409756779670715e-02 -2.553842728957533836e-03 -1.752192527055740356e-02 1.132661569863557816e-02 1.382354414090514183e-03 1.109707951545715332e+00 -4.217503219842910767e-02 2.689730748534202576e-02 -2.239096537232398987e-02 -1.262458413839340210e-02 1.242286991328001022e-02 -4.237997159361839294e-02 -6.397778168320655823e-03 -2.255022153258323669e-02 -2.198638394474983215e-02 -5.324924830347299576e-03 -9.074661880731582642e-03 -2.271703444421291351e-02 -4.171920195221900940e-02 -2.664515934884548187e-02 1.932743354700505733e-03 -2.065098844468593597e-02 -1.747209765017032623e-02 1.478878781199455261e-02 -2.561705000698566437e-02 -2.081593126058578491e-02 -5.319322808645665646e-04 2.354932576417922974e-02 2.941268961876630783e-03 -1.910957880318164825e-02 -5.466942116618156433e-02 1.983550004661083221e-02 1.674303971230983734e-02 2.592140994966030121e-02 1.695087552070617676e-02 3.375236317515373230e-02 -1.663811877369880676e-02 -9.035184979438781738e-03 -5.116804316639900208e-02 3.080904949456453323e-03 5.606921017169952393e-02 -2.528020180761814117e-02 -1.310164574533700943e-03 4.516413901001214981e-03 7.252519484609365463e-03 -1.971201412379741669e-02 -3.677751868963241577e-02 -5.116310901939868927e-03 -3.014747053384780884e-02 6.933573167771100998e-03 -5.547011271119117737e-03 -2.878230437636375427e-02 3.075093962252140045e-03 -1.296105422079563141e-02 -1.961241650860756636e-04 1.000377628952264786e-02 -4.020822420716285706e-02 -2.550933696329593658e-02 3.978405613452196121e-03 -3.726288676261901855e-02 -6.311020842986181378e-05 -2.071492932736873627e-02 -2.442657947540283203e-02 -5.476168822497129440e-03 6.932055111974477768e-04 8.873127400875091553e-03 -1.142210047692060471e-02 -1.506674755364656448e-02 -1.380589138716459274e-02 -1.525783631950616837e-02 -2.856119768694043159e-03 2.248603152111172676e-03 -1.005938649177551270e-02 -2.068977989256381989e-02 3.021712787449359894e-02 -2.913703769445419312e-02 -6.403434090316295624e-03 -3.757822327315807343e-03 -2.823495492339134216e-02 -3.621747717261314392e-03 3.844443126581609249e-04 -3.483002260327339172e-02 -2.991547109559178352e-03 4.482448473572731018e-02 -4.460763186216354370e-02 1.433450728654861450e-02 -6.084731430746614933e-04 -1.737416535615921021e-02 1.605750434100627899e-02 -4.276353865861892700e-02 -1.437641476513817906e-04 -3.882761346176266670e-03 -8.838990703225135803e-03 2.975671319290995598e-03 -7.445240858942270279e-03 -3.032609634101390839e-02 -1.186049915850162506e-02 -1.662678830325603485e-02 6.524743977934122086e-03 -6.097530201077461243e-02 -6.569722294807434082e-02 6.484545301645994186e-03 2.419807482510805130e-03 -7.952912710607051849e-03 -5.148817598819732666e-02 -2.078157477080821991e-02 -4.401975497603416443e-02
